0.000000 2.000000
0.100000 1.995452
0.200000 1.981789
0.300000 1.958956
0.400000 1.926865
0.500000 1.885399
0.600000 1.834423
0.700000 1.773793
0.800000 1.703371
0.900000 1.623040
1.000000 1.532728
1.100000 1.432431
1.200000 1.322240
1.300000 1.202369
1.400000 1.073184
1.500000 0.935228
1.600000 0.789243
1.700000 0.636176
1.800000 0.477185
1.900000 0.313614
2.000000 0.146967
2.100000 -0.021139
2.200000 -0.189034
2.300000 -0.355057
2.400000 -0.517613
2.500000 -0.675236
2.600000 -0.826624
2.700000 -0.970673
2.800000 -1.106487
2.900000 -1.233376
3.000000 -1.350843
3.100000 -1.458563
3.200000 -1.556356
3.300000 -1.644157
3.400000 -1.721990
3.500000 -1.789940
3.600000 -1.848131
3.700000 -1.896705
3.800000 -1.935803
3.900000 -1.965559
4.000000 -1.986081
4.100000 -1.997450
4.200000 -1.999713
4.300000 -1.992878
4.400000 -1.976918
4.500000 -1.951768
4.600000 -1.917334
4.700000 -1.873492
4.800000 -1.820105
4.900000 -1.757027
5.000000 -1.684125
5.100000 -1.601291
5.200000 -1.508468
5.300000 -1.405672
5.400000 -1.293024
5.500000 -1.170772
5.600000 -1.039325
5.700000 -0.899274
5.800000 -0.751412
5.900000 -0.596741
6.000000 -0.436465
6.100000 -0.271975
6.200000 -0.104807
6.300000 0.063404
6.400000 0.230984
6.500000 0.396281
6.600000 0.557730
6.700000 0.713901
6.800000 0.863542
6.900000 1.005598
7.000000 1.139227
7.100000 1.263788
7.200000 1.378831
7.300000 1.484069
7.400000 1.579354
7.500000 1.664646
7.600000 1.739986
7.700000 1.805472
7.800000 1.861233
7.900000 1.907412
8.000000 1.944152
8.100000 1.971579
8.200000 1.989795
8.300000 1.998873
8.400000 1.998851
8.500000 1.989728
8.600000 1.971467
8.700000 1.943995
8.800000 1.907209
8.900000 1.860983
9.000000 1.805174
9.100000 1.739640
9.200000 1.664251
9.300000 1.578911
9.400000 1.483577
9.500000 1.378290
9.600000 1.263200
9.700000 1.138593
9.800000 1.004921
9.900000 0.862825
10.000000 0.713150
10.100000 0.556950
10.200000 0.395478
10.300000 0.230166
10.400000 0.062579
10.500000 -0.105631
10.600000 -0.272790
10.700000 -0.437263
10.800000 -0.597514
10.900000 -0.752155
11.000000 -0.899981
11.100000 -1.039991
11.200000 -1.171394
11.300000 -1.293600
11.400000 -1.406200
11.500000 -1.508947
11.600000 -1.601721
11.700000 -1.684506
11.800000 -1.757360
11.900000 -1.820390
12.000000 -1.873730
12.100000 -1.917525
12.200000 -1.951914
12.300000 -1.977018
12.400000 -1.992933
12.500000 -1.999723
12.600000 -1.997415
12.700000 -1.986001
12.800000 -1.965434
12.900000 -1.935633
13.000000 -1.896488
13.100000 -1.847868
13.200000 -1.789630
13.300000 -1.721631
13.400000 -1.643749
13.500000 -1.555899
13.600000 -1.458057
13.700000 -1.350288
13.800000 -1.232774
13.900000 -1.105840
14.000000 -0.969984
14.100000 -0.825896
14.200000 -0.674474
14.300000 -0.516824
14.400000 -0.354247
14.500000 -0.188212
14.600000 -0.020311
14.700000 0.147792
14.800000 0.314427
14.900000 0.477979
15.000000 0.636944
15.100000 0.789978
15.200000 0.935927
15.300000 1.073841
15.400000 1.202981
15.500000 1.322805
15.600000 1.432948
15.700000 1.533195
15.800000 1.623458
15.900000 1.703740
16.000000 1.774114
16.100000 1.834696
16.200000 1.885625
16.300000 1.927044
16.400000 1.959089
16.500000 1.981877
16.600000 1.995495
16.700000 1.999998
16.800000 1.995405
16.900000 1.981697
17.000000 1.958819
17.100000 1.926681
17.200000 1.885169
17.300000 1.834146
17.400000 1.773468
17.500000 1.702997
17.600000 1.622617
17.700000 1.532255
17.800000 1.431909
17.900000 1.321670
18.000000 1.201752
18.100000 1.072522
18.200000 0.934525
18.300000 0.788502
18.400000 0.635403
18.500000 0.476386
18.600000 0.312796
18.700000 0.146138
18.800000 -0.021971
18.900000 -0.189861
19.000000 -0.355870
19.100000 -0.518406
19.200000 -0.676000
19.300000 -0.827355
19.400000 -0.971365
19.500000 -1.107136
19.600000 -1.233980
19.700000 -1.351399
19.800000 -1.459070
19.900000 -1.556814
20.000000 -1.644565
20.100000 -1.722349
20.200000 -1.790251
20.300000 -1.848394
20.400000 -1.896920
20.500000 -1.935972
20.600000 -1.965681
20.700000 -1.986158
20.800000 -1.997482
20.900000 -1.999699
21.000000 -1.992819
21.100000 -1.976814
21.200000 -1.951619
21.300000 -1.917138
21.400000 -1.873249
21.500000 -1.819814
21.600000 -1.756688
21.700000 -1.683737
21.800000 -1.600853
21.900000 -1.507980
22.000000 -1.405136
22.100000 -1.292439
22.200000 -1.170140
22.300000 -1.038649
22.400000 -0.898557
22.500000 -0.750659
22.600000 -0.595957
22.700000 -0.435657
22.800000 -0.271149
22.900000 -0.103972
23.000000 0.064240
23.100000 0.231812
23.200000 0.397094
23.300000 0.558520
23.400000 0.714662
23.500000 0.864267
23.600000 1.006283
23.700000 1.139868
23.800000 1.264383
23.900000 1.379378
24.000000 1.484567
24.100000 1.579802
24.200000 1.665044
24.300000 1.740335
24.400000 1.805772
24.500000 1.861485
24.600000 1.907617
24.700000 1.944310
24.800000 1.971690
24.900000 1.989861
25.000000 1.998894
25.100000 1.998826
25.200000 1.989658
25.300000 1.971351
25.400000 1.943833
25.500000 1.907000
25.600000 1.860726
25.700000 1.804870
25.800000 1.739287
25.900000 1.663849
26.000000 1.578458
26.100000 1.483075
26.200000 1.377739
26.300000 1.262600
26.400000 1.137946
26.500000 1.004231
26.600000 0.862095
26.700000 0.712385
26.800000 0.556155
26.900000 0.394660
27.000000 0.229333
27.100000 0.061739
27.200000 -0.106470
27.300000 -0.273620
27.400000 -0.438075
27.500000 -0.598302
27.600000 -0.752911
27.700000 -0.900700
27.800000 -1.040669
27.900000 -1.172028
28.000000 -1.294186
28.100000 -1.406738
28.200000 -1.509434
28.300000 -1.602159
28.400000 -1.684894
28.500000 -1.757698
28.600000 -1.820679
28.700000 -1.873971
28.800000 -1.917719
28.900000 -1.952061
29.000000 -1.977118
29.100000 -1.992988
29.200000 -1.999732
29.300000 -1.997379
29.400000 -1.985919
29.500000 -1.965306
29.600000 -1.935458
29.700000 -1.896266
29.800000 -1.847598
29.900000 -1.789311
30.000000 -1.721263
30.100000 -1.643332
30.200000 -1.555431
30.300000 -1.457540
30.400000 -1.349722
30.500000 -1.232159
30.600000 -1.105179
30.700000 -0.969279
30.800000 -0.825152
30.900000 -0.673697
31.000000 -0.516018
31.100000 -0.353420
31.200000 -0.187371
31.300000 -0.019466
31.400000 0.148634
31.500000 0.315257
31.600000 0.478790
31.700000 0.637729
31.800000 0.790730
31.900000 0.936640
32.000000 1.074511
32.100000 1.203606
32.200000 1.323382
32.300000 1.433475
32.400000 1.533673
32.500000 1.623885
32.600000 1.704117
32.700000 1.774442
32.800000 1.834975
32.900000 1.885855
33.000000 1.927227
33.100000 1.959225
33.200000 1.981967
33.300000 1.995538
33.400000 1.999996
33.500000 1.995357
33.600000 1.981603
33.700000 1.958678
33.800000 1.926494
33.900000 1.884934
34.000000 1.833863
34.100000 1.773136
34.200000 1.702615
34.300000 1.622184
34.400000 1.531773
34.500000 1.431376
34.600000 1.321088
34.700000 1.201122
34.800000 1.071846
34.900000 0.933806
35.000000 0.787745
35.100000 0.634614
35.200000 0.475570
35.300000 0.311961
35.400000 0.145292
35.500000 -0.022821
35.600000 -0.190705
35.700000 -0.356701
35.800000 -0.519214
35.900000 -0.676781
36.000000 -0.828100
36.100000 -0.972071
36.200000 -1.107799
36.300000 -1.234596
36.400000 -1.351967
36.500000 -1.459588
36.600000 -1.557281
36.700000 -1.644982
36.800000 -1.722716
36.900000 -1.790568
37.000000 -1.848662
37.100000 -1.897139
37.200000 -1.936143
37.300000 -1.965806
37.400000 -1.986236
37.500000 -1.997514
37.600000 -1.999685
37.700000 -1.992760
37.800000 -1.976708
37.900000 -1.951466
38.000000 -1.916938
38.100000 -1.873001
38.200000 -1.819517
38.300000 -1.756342
38.400000 -1.683340
38.500000 -1.600406
38.600000 -1.507483
38.700000 -1.404588
38.800000 -1.291841
38.900000 -1.169495
39.000000 -1.037958
39.100000 -0.897825
39.200000 -0.749890
39.300000 -0.595156
39.400000 -0.434831
39.500000 -0.270306
39.600000 -0.103119
39.700000 0.065094
39.800000 0.232658
39.900000 0.397924
40.000000 0.559327
40.100000 0.715438
40.200000 0.865007
40.300000 1.006982
40.400000 1.140523
40.500000 1.264990
40.600000 1.379936
40.700000 1.485074
40.800000 1.580258
40.900000 1.665450
41.000000 1.740690
41.100000 1.806078
41.200000 1.861741
41.300000 1.907825
41.400000 1.944471
41.500000 1.971804
41.600000 1.989928
41.700000 1.998915
41.800000 1.998801
41.900000 1.989586
42.000000 1.971232
42.100000 1.943667
42.200000 1.906787
42.300000 1.860465
42.400000 1.804559
42.500000 1.738926
42.600000 1.663437
42.700000 1.577996
42.800000 1.482562
42.900000 1.377175
43.000000 1.261987
43.100000 1.137286
43.200000 1.003526
43.300000 0.861349
43.400000 0.711603
43.500000 0.555343
43.600000 0.393825
43.700000 0.228482
43.800000 0.060881
43.900000 -0.107327
44.000000 -0.274467
44.100000 -0.438904
44.200000 -0.599105
44.300000 -0.753683
44.400000 -0.901434
44.500000 -1.041361
44.600000 -1.172674
44.700000 -1.294784
44.800000 -1.407286
44.900000 -1.509932
45.000000 -1.602605
45.100000 -1.685289
45.200000 -1.758043
45.300000 -1.820974
45.400000 -1.874217
45.500000 -1.917916
45.600000 -1.952210
45.700000 -1.977221
45.800000 -1.993043
45.900000 -1.999741
46.000000 -1.997342
46.100000 -1.985835
46.200000 -1.965175
46.300000 -1.935280
46.400000 -1.896040
46.500000 -1.847323
46.600000 -1.788986
46.700000 -1.720888
46.800000 -1.642905
46.900000 -1.554954
47.000000 -1.457011
47.100000 -1.349143
47.200000 -1.231531
47.300000 -1.104504
47.400000 -0.968560
47.500000 -0.824393
47.600000 -0.672903
47.700000 -0.515196
47.800000 -0.352576
47.900000 -0.186514
48.000000 -0.018603
48.100000 0.149493
48.200000 0.316105
48.300000 0.479617
48.400000 0.638529
48.500000 0.791496
48.600000 0.937367
48.700000 1.075195
48.800000 1.204243
48.900000 1.323970
49.000000 1.434013
49.100000 1.534160
49.200000 1.624321
49.300000 1.704502
49.400000 1.774776
49.500000 1.835259
49.600000 1.886090
49.700000 1.927413
49.800000 1.959364
49.900000 1.982058
50.000000 1.995583
