0.000000 2.000000
0.100000 1.995482
0.200000 1.982029
0.300000 1.959765
0.400000 1.928778
0.500000 1.889130
0.600000 1.840863
0.700000 1.784010
0.800000 1.718608
0.900000 1.644711
1.000000 1.562407
1.100000 1.471840
1.200000 1.373221
1.300000 1.266858
1.400000 1.153166
1.500000 1.032688
1.600000 0.906109
1.700000 0.774259
1.800000 0.638111
1.900000 0.498776
2.000000 0.357474
2.100000 0.215514
2.200000 0.074254
2.300000 -0.064942
2.400000 -0.200741
2.500000 -0.331881
2.600000 -0.457206
2.700000 -0.575687
2.800000 -0.686442
2.900000 -0.788738
3.000000 -0.881995
3.100000 -0.965771
3.200000 -1.039752
3.300000 -1.103739
3.400000 -1.157624
3.500000 -1.201380
3.600000 -1.235040
3.700000 -1.258689
3.800000 -1.272451
3.900000 -1.276478
4.000000 -1.270954
4.100000 -1.256082
4.200000 -1.232093
4.300000 -1.199245
4.400000 -1.157825
4.500000 -1.108162
4.600000 -1.050628
4.700000 -0.985648
4.800000 -0.913708
4.900000 -0.835362
5.000000 -0.751233
5.100000 -0.662021
5.200000 -0.568498
5.300000 -0.471504
5.400000 -0.371940
5.500000 -0.270756
5.600000 -0.168932
5.700000 -0.067462
5.800000 0.032665
5.900000 0.130487
6.000000 0.225085
6.100000 0.315604
6.200000 0.401262
6.300000 0.481361
6.400000 0.555297
6.500000 0.622555
6.600000 0.682714
6.700000 0.735440
6.800000 0.780486
6.900000 0.817679
7.000000 0.846916
7.100000 0.868162
7.200000 0.881435
7.300000 0.886809
7.400000 0.884408
7.500000 0.874400
7.600000 0.856999
7.700000 0.832463
7.800000 0.801095
7.900000 0.763243
8.000000 0.719301
8.100000 0.669712
8.200000 0.614964
8.300000 0.555594
8.400000 0.492183
8.500000 0.425354
8.600000 0.355767
8.700000 0.284114
8.800000 0.211108
8.900000 0.137476
9.000000 0.063946
9.100000 -0.008759
9.200000 -0.079938
9.300000 -0.148918
9.400000 -0.215065
9.500000 -0.277792
9.600000 -0.336564
9.700000 -0.390907
9.800000 -0.440405
9.900000 -0.484706
10.000000 -0.523521
10.100000 -0.556621
10.200000 -0.583840
10.300000 -0.605066
10.400000 -0.620244
10.500000 -0.629371
10.600000 -0.632493
10.700000 -0.629705
10.800000 -0.621145
10.900000 -0.606997
11.000000 -0.587485
11.100000 -0.562876
11.200000 -0.533476
11.300000 -0.499627
11.400000 -0.461708
11.500000 -0.420134
11.600000 -0.375349
11.700000 -0.327824
11.800000 -0.278056
11.900000 -0.226558
12.000000 -0.173858
12.100000 -0.120491
12.200000 -0.066992
12.300000 -0.013890
12.400000 0.038297
12.500000 0.089073
12.600000 0.137963
12.700000 0.184525
12.800000 0.228351
12.900000 0.269069
13.000000 0.306352
13.100000 0.339913
13.200000 0.369512
13.300000 0.394952
13.400000 0.416081
13.500000 0.432794
13.600000 0.445027
13.700000 0.452759
13.800000 0.456010
13.900000 0.454840
14.000000 0.449346
14.100000 0.439664
14.200000 0.425963
14.300000 0.408446
14.400000 0.387346
14.500000 0.362927
14.600000 0.335480
14.700000 0.305320
14.800000 0.272783
14.900000 0.238226
15.000000 0.202018
15.100000 0.164543
15.200000 0.126190
15.300000 0.087351
15.400000 0.048419
15.500000 0.009779
15.600000 -0.028193
15.700000 -0.065135
15.800000 -0.100700
15.900000 -0.134568
16.000000 -0.166437
16.100000 -0.196037
16.200000 -0.223124
16.300000 -0.247486
16.400000 -0.268941
16.500000 -0.287344
16.600000 -0.302579
16.700000 -0.314564
16.800000 -0.323251
16.900000 -0.328623
17.000000 -0.330697
17.100000 -0.329517
17.200000 -0.325159
17.300000 -0.317727
17.400000 -0.307352
17.500000 -0.294189
17.600000 -0.278418
17.700000 -0.260241
17.800000 -0.239879
17.900000 -0.217569
18.000000 -0.193566
18.100000 -0.168135
18.200000 -0.141553
18.300000 -0.114101
18.400000 -0.086067
18.500000 -0.057737
18.600000 -0.029398
18.700000 -0.001329
18.800000 0.026197
18.900000 0.052920
19.000000 0.078589
19.100000 0.102974
19.200000 0.125859
19.300000 0.147050
19.400000 0.166371
19.500000 0.183672
19.600000 0.198823
19.700000 0.211720
19.800000 0.222283
19.900000 0.230456
20.000000 0.236208
20.100000 0.239531
20.200000 0.240440
20.300000 0.238977
20.400000 0.235200
20.500000 0.229193
20.600000 0.221057
20.700000 0.210913
20.800000 0.198899
20.900000 0.185169
21.000000 0.169889
21.100000 0.153239
21.200000 0.135409
21.300000 0.116596
21.400000 0.097005
21.500000 0.076844
21.600000 0.056323
21.700000 0.035651
21.800000 0.015036
21.900000 -0.005319
22.000000 -0.025219
22.100000 -0.044475
22.200000 -0.062911
22.300000 -0.080359
22.400000 -0.096668
22.500000 -0.111699
22.600000 -0.125329
22.700000 -0.137453
22.800000 -0.147982
22.900000 -0.156844
23.000000 -0.163985
23.100000 -0.169369
23.200000 -0.172980
23.300000 -0.174816
23.400000 -0.174896
23.500000 -0.173252
23.600000 -0.169936
23.700000 -0.165012
23.800000 -0.158561
23.900000 -0.150676
24.000000 -0.141461
24.100000 -0.131035
24.200000 -0.119522
24.300000 -0.107058
24.400000 -0.093784
24.500000 -0.079846
24.600000 -0.065395
24.700000 -0.050584
24.800000 -0.035566
24.900000 -0.020493
25.000000 -0.005517
25.100000 0.009218
25.200000 0.023570
25.300000 0.037404
25.400000 0.050595
25.500000 0.063024
25.600000 0.074584
25.700000 0.085178
25.800000 0.094721
25.900000 0.103139
26.000000 0.110372
26.100000 0.116372
26.200000 0.121104
26.300000 0.124548
26.400000 0.126695
26.500000 0.127549
26.600000 0.127128
26.700000 0.125461
26.800000 0.122589
26.900000 0.118564
27.000000 0.113449
27.100000 0.107316
27.200000 0.100244
27.300000 0.092322
27.400000 0.083645
27.500000 0.074314
27.600000 0.064433
27.700000 0.054110
27.800000 0.043457
27.900000 0.032585
28.000000 0.021606
28.100000 0.010631
28.200000 -0.000232
28.300000 -0.010878
28.400000 -0.021205
28.500000 -0.031118
28.600000 -0.040527
28.700000 -0.049349
28.800000 -0.057508
28.900000 -0.064937
29.000000 -0.071577
29.100000 -0.077378
29.200000 -0.082300
29.300000 -0.086311
29.400000 -0.089389
29.500000 -0.091524
29.600000 -0.092712
29.700000 -0.092961
29.800000 -0.092287
29.900000 -0.090714
30.000000 -0.088276
30.100000 -0.085015
30.200000 -0.080978
30.300000 -0.076221
30.400000 -0.070804
30.500000 -0.064795
30.600000 -0.058265
30.700000 -0.051288
30.800000 -0.043942
30.900000 -0.036306
31.000000 -0.028463
31.100000 -0.020494
31.200000 -0.012480
31.300000 -0.004501
31.400000 0.003365
31.500000 0.011041
31.600000 0.018457
31.700000 0.025543
31.800000 0.032236
31.900000 0.038477
32.000000 0.044215
32.100000 0.049401
32.200000 0.053997
32.300000 0.057967
32.400000 0.061286
32.500000 0.063933
32.600000 0.065896
32.700000 0.067168
32.800000 0.067751
32.900000 0.067654
33.000000 0.066889
33.100000 0.065478
33.200000 0.063448
33.300000 0.060831
33.400000 0.057664
33.500000 0.053990
33.600000 0.049854
33.700000 0.045308
33.800000 0.040404
33.900000 0.035197
34.000000 0.029745
34.100000 0.024107
34.200000 0.018342
34.300000 0.012510
34.400000 0.006670
34.500000 0.000879
34.600000 -0.004806
34.700000 -0.010331
34.800000 -0.015644
34.900000 -0.020697
35.000000 -0.025445
35.100000 -0.029848
35.200000 -0.033868
35.300000 -0.037474
35.400000 -0.040638
35.500000 -0.043337
35.600000 -0.045554
35.700000 -0.047277
35.800000 -0.048498
35.900000 -0.049215
36.000000 -0.049431
36.100000 -0.049155
36.200000 -0.048398
36.300000 -0.047177
36.400000 -0.045514
36.500000 -0.043434
36.600000 -0.040965
36.700000 -0.038140
36.800000 -0.034994
36.900000 -0.031564
37.000000 -0.027890
37.100000 -0.024012
37.200000 -0.019974
37.300000 -0.015819
37.400000 -0.011589
37.500000 -0.007328
37.600000 -0.003079
37.700000 0.001116
37.800000 0.005217
37.900000 0.009185
38.000000 0.012984
38.100000 0.016579
38.200000 0.019939
38.300000 0.023036
38.400000 0.025843
38.500000 0.028338
38.600000 0.030505
38.700000 0.032326
38.800000 0.033792
38.900000 0.034894
39.000000 0.035630
39.100000 0.035998
39.200000 0.036004
39.300000 0.035653
39.400000 0.034956
39.500000 0.033928
39.600000 0.032584
39.700000 0.030944
39.800000 0.029031
39.900000 0.026869
40.000000 0.024484
40.100000 0.021904
40.200000 0.019158
40.300000 0.016277
40.400000 0.013292
40.500000 0.010235
40.600000 0.007137
40.700000 0.004030
40.800000 0.000944
40.900000 -0.002090
41.000000 -0.005043
41.100000 -0.007887
41.200000 -0.010598
41.300000 -0.013149
41.400000 -0.015521
41.500000 -0.017691
41.600000 -0.019644
41.700000 -0.021364
41.800000 -0.022838
41.900000 -0.024058
42.000000 -0.025015
42.100000 -0.025706
42.200000 -0.026129
42.300000 -0.026285
42.400000 -0.026178
42.500000 -0.025814
42.600000 -0.025202
42.700000 -0.024353
42.800000 -0.023279
42.900000 -0.021997
43.000000 -0.020523
43.100000 -0.018875
43.200000 -0.017072
43.300000 -0.015137
43.400000 -0.013090
43.500000 -0.010954
43.600000 -0.008752
43.700000 -0.006507
43.800000 -0.004242
43.900000 -0.001981
44.000000 0.000256
44.100000 0.002446
44.200000 0.004568
44.300000 0.006604
44.400000 0.008533
44.500000 0.010340
44.600000 0.012009
44.700000 0.013526
44.800000 0.014879
44.900000 0.016058
45.000000 0.017055
45.100000 0.017864
45.200000 0.018479
45.300000 0.018900
45.400000 0.019126
45.500000 0.019158
45.600000 0.018999
45.700000 0.018656
45.800000 0.018136
45.900000 0.017446
46.000000 0.016597
46.100000 0.015601
46.200000 0.014470
46.300000 0.013218
46.400000 0.011861
46.500000 0.010413
46.600000 0.008891
46.700000 0.007311
46.800000 0.005689
46.900000 0.004044
47.000000 0.002391
47.100000 0.000748
47.200000 -0.000871
47.300000 -0.002449
47.400000 -0.003971
47.500000 -0.005424
47.600000 -0.006794
47.700000 -0.008071
47.800000 -0.009242
47.900000 -0.010298
48.000000 -0.011232
48.100000 -0.012036
48.200000 -0.012705
48.300000 -0.013235
48.400000 -0.013624
48.500000 -0.013870
48.600000 -0.013974
48.700000 -0.013938
48.800000 -0.013765
48.900000 -0.013459
49.000000 -0.013026
49.100000 -0.012473
49.200000 -0.011807
49.300000 -0.011037
49.400000 -0.010174
49.500000 -0.009227
49.600000 -0.008208
49.700000 -0.007127
49.800000 -0.005998
49.900000 -0.004831
50.000000 -0.003640
