0.000000 2.000000
0.100000 2.144103
0.200000 2.277045
0.300000 2.399827
0.400000 2.513494
0.500000 2.619094
0.600000 2.717663
0.700000 2.810207
0.800000 2.897697
0.900000 2.981064
1.000000 3.061197
1.100000 3.138947
1.200000 3.215132
1.300000 3.290537
1.400000 3.365917
1.500000 3.442009
1.600000 3.519524
1.700000 3.599158
1.800000 3.681591
1.900000 3.767482
2.000000 3.857472
2.100000 3.952178
2.200000 4.052181
2.300000 4.158022
2.400000 4.270180
2.500000 4.389059
2.600000 4.514962
2.700000 4.648069
2.800000 4.788405
2.900000 4.935817
3.000000 5.089944
3.100000 5.250201
3.200000 5.415766
3.300000 5.585581
3.400000 5.758373
3.500000 5.932689
3.600000 6.106942
3.700000 6.279474
3.800000 6.448626
3.900000 6.612804
4.000000 6.770535
4.100000 6.920520
4.200000 7.061657
4.300000 7.193063
4.400000 7.314065
4.500000 7.424191
4.600000 7.523149
4.700000 7.610792
4.800000 7.687098
4.900000 7.752135
5.000000 7.806039
5.100000 7.848988
5.200000 7.881188
5.300000 7.902853
5.400000 7.914200
5.500000 7.915440
5.600000 7.906773
5.700000 7.888390
5.800000 7.860476
5.900000 7.823215
6.000000 7.776798
6.100000 7.721432
6.200000 7.657353
6.300000 7.584837
6.400000 7.504220
6.500000 7.415907
6.600000 7.320385
6.700000 7.218242
6.800000 7.110166
6.900000 6.996956
7.000000 6.879517
7.100000 6.758853
7.200000 6.636054
7.300000 6.512272
7.400000 6.388698
7.500000 6.266529
7.600000 6.146945
7.700000 6.031070
7.800000 5.919955
7.900000 5.814552
8.000000 5.715700
8.100000 5.624120
8.200000 5.540408
8.300000 5.465042
8.400000 5.398388
8.500000 5.340708
8.600000 5.292175
8.700000 5.252879
8.800000 5.222847
8.900000 5.202044
9.000000 5.190387
9.100000 5.187748
9.200000 5.193961
9.300000 5.208822
9.400000 5.232090
9.500000 5.263487
9.600000 5.302693
9.700000 5.349342
9.800000 5.403022
9.900000 5.463264
10.000000 5.529545
10.100000 5.601282
10.200000 5.677832
10.300000 5.758493
10.400000 5.842510
10.500000 5.929081
10.600000 6.017365
10.700000 6.106499
10.800000 6.195606
10.900000 6.283812
11.000000 6.370266
11.100000 6.454149
11.200000 6.534688
11.300000 6.611171
11.400000 6.682955
11.500000 6.749469
11.600000 6.810219
11.700000 6.864792
11.800000 6.912850
11.900000 6.954131
12.000000 6.988443
12.100000 7.015663
12.200000 7.035728
12.300000 7.048633
12.400000 7.054426
12.500000 7.053208
12.600000 7.045126
12.700000 7.030373
12.800000 7.009189
12.900000 6.981855
13.000000 6.948699
13.100000 6.910092
13.200000 6.866445
13.300000 6.818214
13.400000 6.765895
13.500000 6.710021
13.600000 6.651159
13.700000 6.589905
13.800000 6.526877
13.900000 6.462711
14.000000 6.398051
14.100000 6.333537
14.200000 6.269803
14.300000 6.207463
14.400000 6.147105
14.500000 6.089285
14.600000 6.034515
14.700000 5.983264
14.800000 5.935950
14.900000 5.892938
15.000000 5.854542
15.100000 5.821017
15.200000 5.792566
15.300000 5.769341
15.400000 5.751438
15.500000 5.738906
15.600000 5.731745
15.700000 5.729909
15.800000 5.733309
15.900000 5.741811
16.000000 5.755243
16.100000 5.773393
16.200000 5.796012
16.300000 5.822813
16.400000 5.853479
16.500000 5.887659
16.600000 5.924974
16.700000 5.965018
16.800000 6.007363
16.900000 6.051563
17.000000 6.097159
17.100000 6.143681
17.200000 6.190657
17.300000 6.237617
17.400000 6.284098
17.500000 6.329649
17.600000 6.373839
17.700000 6.416258
17.800000 6.456525
17.900000 6.494289
18.000000 6.529232
18.100000 6.561075
18.200000 6.589572
18.300000 6.614522
18.400000 6.635760
18.500000 6.653162
18.600000 6.666641
18.700000 6.676153
18.800000 6.681687
18.900000 6.683274
19.000000 6.680975
19.100000 6.674890
19.200000 6.665148
19.300000 6.651912
19.400000 6.635372
19.500000 6.615748
19.600000 6.593282
19.700000 6.568243
19.800000 6.540917
19.900000 6.511611
20.000000 6.480646
20.100000 6.448353
20.200000 6.415073
20.300000 6.381152
20.400000 6.346934
20.500000 6.312764
20.600000 6.278979
20.700000 6.245903
20.800000 6.213852
20.900000 6.183120
21.000000 6.153985
21.100000 6.126701
21.200000 6.101500
21.300000 6.078584
21.400000 6.058132
21.500000 6.040293
21.600000 6.025186
21.700000 6.012903
21.800000 6.003504
21.900000 5.997022
22.000000 5.993461
22.100000 5.992796
22.200000 5.994977
22.300000 5.999927
22.400000 6.007544
22.500000 6.017702
22.600000 6.030255
22.700000 6.045035
22.800000 6.061856
22.900000 6.080515
23.000000 6.100796
23.100000 6.122470
23.200000 6.145297
23.300000 6.169032
23.400000 6.193424
23.500000 6.218220
23.600000 6.243167
23.700000 6.268015
23.800000 6.292522
23.900000 6.316451
24.000000 6.339577
24.100000 6.361688
24.200000 6.382585
24.300000 6.402087
24.400000 6.420029
24.500000 6.436266
24.600000 6.450674
24.700000 6.463147
24.800000 6.473602
24.900000 6.481978
25.000000 6.488235
25.100000 6.492353
25.200000 6.494336
25.300000 6.494206
25.400000 6.492006
25.500000 6.487800
25.600000 6.481666
25.700000 6.473704
25.800000 6.464025
25.900000 6.452760
26.000000 6.440047
26.100000 6.426042
26.200000 6.410905
26.300000 6.394807
26.400000 6.377927
26.500000 6.360445
26.600000 6.342546
26.700000 6.324414
26.800000 6.306234
26.900000 6.288186
27.000000 6.270445
27.100000 6.253182
27.200000 6.236557
27.300000 6.220723
27.400000 6.205820
27.500000 6.191976
27.600000 6.179308
27.700000 6.167916
27.800000 6.157888
27.900000 6.149294
28.000000 6.142191
28.100000 6.136619
28.200000 6.132602
28.300000 6.130148
28.400000 6.129251
28.500000 6.129889
28.600000 6.132024
28.700000 6.135607
28.800000 6.140574
28.900000 6.146848
29.000000 6.154343
29.100000 6.162960
29.200000 6.172593
29.300000 6.183127
29.400000 6.194440
29.500000 6.206407
29.600000 6.218895
29.700000 6.231771
29.800000 6.244901
29.900000 6.258150
30.000000 6.271384
30.100000 6.284472
30.200000 6.297289
30.300000 6.309712
30.400000 6.321627
30.500000 6.332926
30.600000 6.343509
30.700000 6.353286
30.800000 6.362177
30.900000 6.370111
31.000000 6.377029
31.100000 6.382883
31.200000 6.387637
31.300000 6.391265
31.400000 6.393754
31.500000 6.395103
31.600000 6.395320
31.700000 6.394425
31.800000 6.392450
31.900000 6.389436
32.000000 6.385432
32.100000 6.380498
32.200000 6.374700
32.300000 6.368113
32.400000 6.360817
32.500000 6.352899
32.600000 6.344448
32.700000 6.335559
32.800000 6.326328
32.900000 6.316853
33.000000 6.307233
33.100000 6.297566
33.200000 6.287947
33.300000 6.278472
33.400000 6.269232
33.500000 6.260312
33.600000 6.251795
33.700000 6.243757
33.800000 6.236269
33.900000 6.229392
34.000000 6.223184
34.100000 6.217692
34.200000 6.212956
34.300000 6.209008
34.400000 6.205871
34.500000 6.203560
34.600000 6.202082
34.700000 6.201435
34.800000 6.201608
34.900000 6.202584
35.000000 6.204337
35.100000 6.206835
35.200000 6.210037
35.300000 6.213900
35.400000 6.218370
35.500000 6.223393
35.600000 6.228908
35.700000 6.234850
35.800000 6.241152
35.900000 6.247745
36.000000 6.254558
36.100000 6.261520
36.200000 6.268558
36.300000 6.275601
36.400000 6.282580
36.500000 6.289426
36.600000 6.296075
36.700000 6.302465
36.800000 6.308538
36.900000 6.314240
37.000000 6.319522
37.100000 6.324340
37.200000 6.328655
37.300000 6.332435
37.400000 6.335654
37.500000 6.338290
37.600000 6.340329
37.700000 6.341762
37.800000 6.342588
37.900000 6.342810
38.000000 6.342439
38.100000 6.341489
38.200000 6.339981
38.300000 6.337942
38.400000 6.335402
38.500000 6.332395
38.600000 6.328962
38.700000 6.325144
38.800000 6.320986
38.900000 6.316537
39.000000 6.311847
39.100000 6.306965
39.200000 6.301945
39.300000 6.296839
39.400000 6.291699
39.500000 6.286577
39.600000 6.281522
39.700000 6.276584
39.800000 6.271809
39.900000 6.267241
40.000000 6.262921
40.100000 6.258888
40.200000 6.255174
40.300000 6.251811
40.400000 6.248825
40.500000 6.246238
40.600000 6.244068
40.700000 6.242327
40.800000 6.241025
40.900000 6.240166
41.000000 6.239749
41.100000 6.239770
41.200000 6.240220
41.300000 6.241085
41.400000 6.242351
41.500000 6.243994
41.600000 6.245993
41.700000 6.248321
41.800000 6.250946
41.900000 6.253839
42.000000 6.256965
42.100000 6.260288
42.200000 6.263772
42.300000 6.267379
42.400000 6.271071
42.500000 6.274810
42.600000 6.278557
42.700000 6.282276
42.800000 6.285930
42.900000 6.289485
43.000000 6.292907
43.100000 6.296166
43.200000 6.299231
43.300000 6.302077
43.400000 6.304679
43.500000 6.307018
43.600000 6.309074
43.700000 6.310834
43.800000 6.312285
43.900000 6.313420
44.000000 6.314233
44.100000 6.314723
44.200000 6.314892
44.300000 6.314743
44.400000 6.314286
44.500000 6.313529
44.600000 6.312488
44.700000 6.311177
44.800000 6.309616
44.900000 6.307824
45.000000 6.305823
45.100000 6.303639
45.200000 6.301295
45.300000 6.298819
45.400000 6.296237
45.500000 6.293577
45.600000 6.290867
45.700000 6.288134
45.800000 6.285407
45.900000 6.282712
46.000000 6.280075
46.100000 6.277520
46.200000 6.275073
46.300000 6.272754
46.400000 6.270584
46.500000 6.268582
46.600000 6.266764
46.700000 6.265144
46.800000 6.263735
46.900000 6.262546
47.000000 6.261585
47.100000 6.260857
47.200000 6.260364
47.300000 6.260106
47.400000 6.260082
47.500000 6.260287
47.600000 6.260714
47.700000 6.261355
47.800000 6.262199
47.900000 6.263234
48.000000 6.264446
48.100000 6.265820
48.200000 6.267338
48.300000 6.268982
48.400000 6.270735
48.500000 6.272576
48.600000 6.274486
48.700000 6.276443
48.800000 6.278429
48.900000 6.280423
49.000000 6.282404
49.100000 6.284354
49.200000 6.286253
49.300000 6.288085
49.400000 6.289832
49.500000 6.291479
49.600000 6.293010
49.700000 6.294415
49.800000 6.295680
49.900000 6.296797
50.000000 6.297757
