0.000000 2.000000
0.100000 0.416147
0.200000 0.416147
0.300000 0.416147
0.400000 0.416147
0.500000 0.416147
0.600000 0.416147
0.700000 0.416147
0.800000 0.416147
0.900000 0.416146
1.000000 0.416146
1.100000 0.416146
1.200000 0.416146
1.300000 0.416146
1.400000 0.416146
1.500000 0.416146
1.600000 0.416146
1.700000 0.416147
1.800000 0.416147
1.900000 0.416147
2.000000 0.416147
2.100000 0.416147
2.200000 0.416147
2.300000 0.416147
2.400000 0.416147
2.500000 0.416146
2.600000 0.416146
2.700000 0.416146
2.800000 0.416146
2.900000 0.416146
3.000000 0.416146
3.100000 0.416146
3.200000 0.416146
3.300000 0.416146
3.400000 0.416146
3.500000 0.416146
3.600000 0.416146
3.700000 0.416146
3.800000 0.416146
3.900000 0.416146
4.000000 0.416146
4.100000 0.416146
4.200000 0.416146
4.300000 0.416146
4.400000 0.416146
4.500000 0.416146
4.600000 0.416146
4.700000 0.416146
4.800000 0.416146
4.900000 0.416146
5.000000 0.416146
5.100000 0.416146
5.200000 0.416146
5.300000 0.416146
5.400000 0.416146
5.500000 0.416146
5.600000 0.416146
5.700000 0.416146
5.800000 0.416146
5.900000 0.416146
6.000000 0.416146
6.100000 0.416147
6.200000 0.416147
6.300000 0.416147
6.400000 0.416147
6.500000 0.416146
6.600000 0.416146
6.700000 0.416146
6.800000 0.416146
6.900000 0.416145
7.000000 0.416145
7.100000 0.416145
7.200000 0.416145
7.300000 0.416145
7.400000 0.416146
7.500000 0.416146
7.600000 0.416146
7.700000 0.416146
7.800000 0.416146
7.900000 0.416146
8.000000 0.416146
8.100000 0.416146
8.200000 0.416146
8.300000 0.416146
8.400000 0.416146
8.500000 0.416146
8.600000 0.416146
8.700000 0.416146
8.800000 0.416146
8.900000 0.416146
9.000000 0.416146
9.100000 0.416146
9.200000 0.416146
9.300000 0.416146
9.400000 0.416145
9.500000 0.416145
9.600000 0.416145
9.700000 0.416145
9.800000 0.416145
9.900000 0.416145
10.000000 0.416146
10.100000 0.416146
10.200000 0.416146
10.300000 0.416146
10.400000 0.416146
10.500000 0.416146
10.600000 0.416146
10.700000 0.416146
10.800000 0.416146
10.900000 0.416145
11.000000 0.416145
11.100000 0.416145
11.200000 0.416145
11.300000 0.416145
11.400000 0.416145
11.500000 0.416145
11.600000 0.416145
11.700000 0.416145
11.800000 0.416145
11.900000 0.416145
12.000000 0.416145
12.100000 0.416145
12.200000 0.416146
12.300000 0.416146
12.400000 0.416146
12.500000 0.416146
12.600000 0.416146
12.700000 0.416146
12.800000 0.416146
12.900000 0.416145
13.000000 0.416145
13.100000 0.416145
13.200000 0.416145
13.300000 0.416145
13.400000 0.416145
13.500000 0.416145
13.600000 0.416145
13.700000 0.416145
13.800000 0.416145
13.900000 0.416145
14.000000 0.416145
14.100000 0.416145
14.200000 0.416145
14.300000 0.416145
14.400000 0.416146
14.500000 0.416146
14.600000 0.416146
14.700000 0.416146
14.800000 0.416146
14.900000 0.416145
15.000000 0.416145
15.100000 0.416145
15.200000 0.416145
15.300000 0.416145
15.400000 0.416144
15.500000 0.416145
15.600000 0.416145
15.700000 0.416145
15.800000 0.416145
15.900000 0.416145
16.000000 0.416145
16.100000 0.416145
16.200000 0.416145
16.300000 0.416145
16.400000 0.416145
16.500000 0.416145
16.600000 0.416145
16.700000 0.416145
16.800000 0.416145
16.900000 0.416145
17.000000 0.416145
17.100000 0.416145
17.200000 0.416145
17.300000 0.416145
17.400000 0.416145
17.500000 0.416145
17.600000 0.416145
17.700000 0.416145
17.800000 0.416145
17.900000 0.416144
18.000000 0.416144
18.100000 0.416144
18.200000 0.416145
18.300000 0.416145
18.400000 0.416145
18.500000 0.416145
18.600000 0.416145
18.700000 0.416145
18.800000 0.416145
18.900000 0.416145
19.000000 0.416145
19.100000 0.416145
19.200000 0.416145
19.300000 0.416144
19.400000 0.416144
19.500000 0.416144
19.600000 0.416144
19.700000 0.416144
19.800000 0.416144
19.900000 0.416144
20.000000 0.416144
20.100000 0.416144
20.200000 0.416145
20.300000 0.416145
20.400000 0.416145
20.500000 0.416145
20.600000 0.416145
20.700000 0.416145
20.800000 0.416145
20.900000 0.416145
21.000000 0.416145
21.100000 0.416145
21.200000 0.416145
21.300000 0.416145
21.400000 0.416145
21.500000 0.416145
21.600000 0.416144
21.700000 0.416144
21.800000 0.416144
21.900000 0.416144
22.000000 0.416144
22.100000 0.416144
22.200000 0.416144
22.300000 0.416144
22.400000 0.416144
22.500000 0.416144
22.600000 0.416145
22.700000 0.416145
22.800000 0.416145
22.900000 0.416145
23.000000 0.416145
23.100000 0.416145
23.200000 0.416145
23.300000 0.416144
23.400000 0.416144
23.500000 0.416144
23.600000 0.416144
23.700000 0.416144
23.800000 0.416144
23.900000 0.416144
24.000000 0.416144
24.100000 0.416144
24.200000 0.416144
24.300000 0.416144
24.400000 0.416144
24.500000 0.416144
24.600000 0.416144
24.700000 0.416144
24.800000 0.416144
24.900000 0.416144
25.000000 0.416144
25.100000 0.416144
25.200000 0.416144
25.300000 0.416144
25.400000 0.416144
25.500000 0.416144
25.600000 0.416144
25.700000 0.416144
25.800000 0.416144
25.900000 0.416144
26.000000 0.416144
26.100000 0.416144
26.200000 0.416144
26.300000 0.416144
26.400000 0.416144
26.500000 0.416144
26.600000 0.416144
26.700000 0.416144
26.800000 0.416144
26.900000 0.416144
27.000000 0.416144
27.100000 0.416145
27.200000 0.416145
27.300000 0.416144
27.400000 0.416144
27.500000 0.416144
27.600000 0.416144
27.700000 0.416143
27.800000 0.416143
27.900000 0.416143
28.000000 0.416143
28.100000 0.416143
28.200000 0.416143
28.300000 0.416143
28.400000 0.416144
28.500000 0.416144
28.600000 0.416144
28.700000 0.416144
28.800000 0.416144
28.900000 0.416144
29.000000 0.416144
29.100000 0.416144
29.200000 0.416144
29.300000 0.416144
29.400000 0.416144
29.500000 0.416144
29.600000 0.416144
29.700000 0.416144
29.800000 0.416144
29.900000 0.416144
30.000000 0.416144
30.100000 0.416143
30.200000 0.416143
30.300000 0.416143
30.400000 0.416143
30.500000 0.416143
30.600000 0.416143
30.700000 0.416143
30.800000 0.416143
30.900000 0.416144
31.000000 0.416144
31.100000 0.416144
31.200000 0.416144
31.300000 0.416144
31.400000 0.416144
31.500000 0.416144
31.600000 0.416144
31.700000 0.416143
31.800000 0.416143
31.900000 0.416143
32.000000 0.416143
32.100000 0.416143
32.200000 0.416143
32.300000 0.416143
32.400000 0.416143
32.500000 0.416143
32.600000 0.416143
32.700000 0.416143
32.800000 0.416143
32.900000 0.416143
33.000000 0.416143
33.100000 0.416143
33.200000 0.416143
33.300000 0.416143
33.400000 0.416143
33.500000 0.416143
33.600000 0.416143
33.700000 0.416143
33.800000 0.416143
33.900000 0.416143
34.000000 0.416143
34.100000 0.416143
34.200000 0.416143
34.300000 0.416143
34.400000 0.416143
34.500000 0.416143
34.600000 0.416143
34.700000 0.416143
34.800000 0.416143
34.900000 0.416143
35.000000 0.416143
35.100000 0.416143
35.200000 0.416143
35.300000 0.416144
35.400000 0.416144
35.500000 0.416144
35.600000 0.416144
35.700000 0.416143
35.800000 0.416143
35.900000 0.416143
36.000000 0.416143
36.100000 0.416142
36.200000 0.416142
36.300000 0.416142
36.400000 0.416142
36.500000 0.416142
36.600000 0.416143
36.700000 0.416143
36.800000 0.416143
36.900000 0.416143
37.000000 0.416143
37.100000 0.416143
37.200000 0.416143
37.300000 0.416143
37.400000 0.416143
37.500000 0.416143
37.600000 0.416143
37.700000 0.416143
37.800000 0.416143
37.900000 0.416143
38.000000 0.416143
38.100000 0.416143
38.200000 0.416143
38.300000 0.416143
38.400000 0.416143
38.500000 0.416143
38.600000 0.416142
38.700000 0.416142
38.800000 0.416142
38.900000 0.416142
39.000000 0.416142
39.100000 0.416142
39.200000 0.416143
39.300000 0.416143
39.400000 0.416143
39.500000 0.416143
39.600000 0.416143
39.700000 0.416143
39.800000 0.416143
39.900000 0.416143
40.000000 0.416143
40.100000 0.416142
40.200000 0.416142
40.300000 0.416142
40.400000 0.416142
40.500000 0.416142
40.600000 0.416142
40.700000 0.416142
40.800000 0.416142
40.900000 0.416142
41.000000 0.416142
41.100000 0.416142
41.200000 0.416142
41.300000 0.416142
41.400000 0.416143
41.500000 0.416143
41.600000 0.416143
41.700000 0.416143
41.800000 0.416143
41.900000 0.416143
42.000000 0.416143
42.100000 0.416143
42.200000 0.416142
42.300000 0.416142
42.400000 0.416142
42.500000 0.416142
42.600000 0.416142
42.700000 0.416142
42.800000 0.416142
42.900000 0.416142
43.000000 0.416142
43.100000 0.416142
43.200000 0.416142
43.300000 0.416142
43.400000 0.416142
43.500000 0.416142
43.600000 0.416143
43.700000 0.416143
43.800000 0.416143
43.900000 0.416143
44.000000 0.416143
44.100000 0.416142
44.200000 0.416142
44.300000 0.416142
44.400000 0.416142
44.500000 0.416142
44.600000 0.416141
44.700000 0.416142
44.800000 0.416142
44.900000 0.416142
45.000000 0.416142
45.100000 0.416142
45.200000 0.416142
45.300000 0.416142
45.400000 0.416142
45.500000 0.416142
45.600000 0.416142
45.700000 0.416142
45.800000 0.416142
45.900000 0.416142
46.000000 0.416142
46.100000 0.416142
46.200000 0.416142
46.300000 0.416142
46.400000 0.416142
46.500000 0.416142
46.600000 0.416142
46.700000 0.416142
46.800000 0.416142
46.900000 0.416142
47.000000 0.416142
47.100000 0.416142
47.200000 0.416141
47.300000 0.416141
47.400000 0.416142
47.500000 0.416142
47.600000 0.416142
47.700000 0.416142
47.800000 0.416142
47.900000 0.416142
48.000000 0.416142
48.100000 0.416142
48.200000 0.416142
48.300000 0.416142
48.400000 0.416142
48.500000 0.416141
48.600000 0.416141
48.700000 0.416141
48.800000 0.416141
48.900000 0.416141
49.000000 0.416141
49.100000 0.416141
49.200000 0.416141
49.300000 0.416141
49.400000 0.416141
49.500000 0.416142
49.600000 0.416142
49.700000 0.416142
49.800000 0.416142
49.900000 0.416142
50.000000 0.416142
