0.000000 2.000000
0.100000 0.416092
0.200000 0.415717
0.300000 0.414713
0.400000 0.412780
0.500000 0.409624
0.600000 0.404952
0.700000 0.398475
0.800000 0.389908
0.900000 0.378974
1.000000 0.365415
1.100000 0.348999
1.200000 0.329537
1.300000 0.306901
1.400000 0.281041
1.500000 0.252005
1.600000 0.219955
1.700000 0.185182
1.800000 0.148108
1.900000 0.109278
2.000000 0.069345
2.100000 0.029040
2.200000 -0.010869
2.300000 -0.049621
2.400000 -0.086507
2.500000 -0.120907
2.600000 -0.152326
2.700000 -0.180411
2.800000 -0.204955
2.900000 -0.225897
3.000000 -0.243305
3.100000 -0.257357
3.200000 -0.268320
3.300000 -0.276526
3.400000 -0.282350
3.500000 -0.286196
3.600000 -0.288479
3.700000 -0.289614
3.800000 -0.290009
3.900000 -0.290057
4.000000 -0.290133
4.100000 -0.290589
4.200000 -0.291754
4.300000 -0.293924
4.400000 -0.297367
4.500000 -0.302311
4.600000 -0.308941
4.700000 -0.317395
4.800000 -0.327753
4.900000 -0.340035
5.000000 -0.354195
5.100000 -0.370117
5.200000 -0.387612
5.300000 -0.406430
5.400000 -0.426256
5.500000 -0.446733
5.600000 -0.467469
5.700000 -0.488061
5.800000 -0.508113
5.900000 -0.527252
6.000000 -0.545152
6.100000 -0.561543
6.200000 -0.576222
6.300000 -0.589060
6.400000 -0.599999
6.500000 -0.609055
6.600000 -0.616302
6.700000 -0.621871
6.800000 -0.625940
6.900000 -0.628717
7.000000 -0.630437
7.100000 -0.631350
7.200000 -0.631713
7.300000 -0.631781
7.400000 -0.631803
7.500000 -0.632012
7.600000 -0.632627
7.700000 -0.633839
7.800000 -0.635814
7.900000 -0.638686
8.000000 -0.642554
8.100000 -0.647477
8.200000 -0.653475
8.300000 -0.660528
8.400000 -0.668572
8.500000 -0.677506
8.600000 -0.687192
8.700000 -0.697461
8.800000 -0.708121
8.900000 -0.718964
9.000000 -0.729777
9.100000 -0.740350
9.200000 -0.750483
9.300000 -0.760001
9.400000 -0.768753
9.500000 -0.776625
9.600000 -0.783536
9.700000 -0.789446
9.800000 -0.794350
9.900000 -0.798280
10.000000 -0.801299
10.100000 -0.803495
10.200000 -0.804983
10.300000 -0.805890
10.400000 -0.806357
10.500000 -0.806530
10.600000 -0.806555
10.700000 -0.806576
10.800000 -0.806728
10.900000 -0.807134
11.000000 -0.807900
11.100000 -0.809115
11.200000 -0.810847
11.300000 -0.813142
11.400000 -0.816020
11.500000 -0.819479
11.600000 -0.823492
11.700000 -0.828010
11.800000 -0.832964
11.900000 -0.838269
12.000000 -0.843823
12.100000 -0.849519
12.200000 -0.855244
12.300000 -0.860883
12.400000 -0.866331
12.500000 -0.871487
12.600000 -0.876269
12.700000 -0.880606
12.800000 -0.884449
12.900000 -0.887766
13.000000 -0.890549
13.100000 -0.892804
13.200000 -0.894559
13.300000 -0.895856
13.400000 -0.896752
13.500000 -0.897314
13.600000 -0.897617
13.700000 -0.897740
13.800000 -0.897764
13.900000 -0.897770
14.000000 -0.897833
14.100000 -0.898024
14.200000 -0.898402
14.300000 -0.899018
14.400000 -0.899910
14.500000 -0.901104
14.600000 -0.902612
14.700000 -0.904433
14.800000 -0.906551
14.900000 -0.908940
15.000000 -0.911562
15.100000 -0.914371
15.200000 -0.917313
15.300000 -0.920330
15.400000 -0.923361
15.500000 -0.926348
15.600000 -0.929232
15.700000 -0.931961
15.800000 -0.934491
15.900000 -0.936786
16.000000 -0.938818
16.100000 -0.940571
16.200000 -0.942040
16.300000 -0.943228
16.400000 -0.944150
16.500000 -0.944829
16.600000 -0.945295
16.700000 -0.945584
16.800000 -0.945737
16.900000 -0.945796
17.000000 -0.945807
17.100000 -0.945811
17.200000 -0.945851
17.300000 -0.945963
17.400000 -0.946180
17.500000 -0.946527
17.600000 -0.947026
17.700000 -0.947688
17.800000 -0.948518
17.900000 -0.949513
18.000000 -0.950666
18.100000 -0.951960
18.200000 -0.953373
18.300000 -0.954881
18.400000 -0.956453
18.500000 -0.958058
18.600000 -0.959664
18.700000 -0.961240
18.800000 -0.962755
18.900000 -0.964183
19.000000 -0.965502
19.100000 -0.966691
19.200000 -0.967739
19.300000 -0.968638
19.400000 -0.969385
19.500000 -0.969984
19.600000 -0.970444
19.700000 -0.970778
19.800000 -0.971002
19.900000 -0.971136
20.000000 -0.971203
20.100000 -0.971227
20.200000 -0.971229
20.300000 -0.971234
20.400000 -0.971264
20.500000 -0.971337
20.600000 -0.971470
20.700000 -0.971676
20.800000 -0.971965
20.900000 -0.972343
21.000000 -0.972810
21.100000 -0.973365
21.200000 -0.974001
21.300000 -0.974709
21.400000 -0.975477
21.500000 -0.976290
21.600000 -0.977132
21.700000 -0.977986
21.800000 -0.978836
21.900000 -0.979665
22.000000 -0.980457
22.100000 -0.981199
22.200000 -0.981879
22.300000 -0.982488
22.400000 -0.983020
22.500000 -0.983472
22.600000 -0.983844
22.700000 -0.984138
22.800000 -0.984361
22.900000 -0.984518
23.000000 -0.984621
23.100000 -0.984679
23.200000 -0.984706
23.300000 -0.984713
23.400000 -0.984714
23.500000 -0.984719
23.600000 -0.984742
23.700000 -0.984791
23.800000 -0.984874
23.900000 -0.984999
24.000000 -0.985169
24.100000 -0.985387
24.200000 -0.985652
24.300000 -0.985963
24.400000 -0.986315
24.500000 -0.986704
24.600000 -0.987122
24.700000 -0.987560
24.800000 -0.988011
24.900000 -0.988466
25.000000 -0.988914
25.100000 -0.989349
25.200000 -0.989761
25.300000 -0.990144
25.400000 -0.990492
25.500000 -0.990801
25.600000 -0.991068
25.700000 -0.991293
25.800000 -0.991475
25.900000 -0.991617
26.000000 -0.991722
26.100000 -0.991794
26.200000 -0.991839
26.300000 -0.991863
26.400000 -0.991873
26.500000 -0.991874
26.600000 -0.991875
26.700000 -0.991881
26.800000 -0.991898
26.900000 -0.991930
27.000000 -0.991983
27.100000 -0.992058
27.200000 -0.992158
27.300000 -0.992284
27.400000 -0.992435
27.500000 -0.992609
27.600000 -0.992804
27.700000 -0.993017
27.800000 -0.993244
27.900000 -0.993481
28.000000 -0.993722
28.100000 -0.993963
28.200000 -0.994199
28.300000 -0.994425
28.400000 -0.994639
28.500000 -0.994835
28.600000 -0.995012
28.700000 -0.995168
28.800000 -0.995301
28.900000 -0.995412
29.000000 -0.995500
29.100000 -0.995567
29.200000 -0.995616
29.300000 -0.995648
29.400000 -0.995667
29.500000 -0.995677
29.600000 -0.995680
29.700000 -0.995680
29.800000 -0.995681
29.900000 -0.995686
30.000000 -0.995698
30.100000 -0.995719
30.200000 -0.995752
30.300000 -0.995797
30.400000 -0.995856
30.500000 -0.995928
30.600000 -0.996014
30.700000 -0.996111
30.800000 -0.996219
30.900000 -0.996336
31.000000 -0.996459
31.100000 -0.996586
31.200000 -0.996714
31.300000 -0.996842
31.400000 -0.996965
31.500000 -0.997083
31.600000 -0.997193
31.700000 -0.997294
31.800000 -0.997383
31.900000 -0.997461
32.000000 -0.997527
32.100000 -0.997581
32.200000 -0.997623
32.300000 -0.997655
32.400000 -0.997677
32.500000 -0.997691
32.600000 -0.997699
32.700000 -0.997702
32.800000 -0.997703
32.900000 -0.997703
33.000000 -0.997704
33.100000 -0.997708
33.200000 -0.997717
33.300000 -0.997730
33.400000 -0.997750
33.500000 -0.997777
33.600000 -0.997812
33.700000 -0.997853
33.800000 -0.997901
33.900000 -0.997955
34.000000 -0.998015
34.100000 -0.998078
34.200000 -0.998145
34.300000 -0.998213
34.400000 -0.998281
34.500000 -0.998348
34.600000 -0.998413
34.700000 -0.998474
34.800000 -0.998530
34.900000 -0.998581
35.000000 -0.998627
35.100000 -0.998665
35.200000 -0.998698
35.300000 -0.998724
35.400000 -0.998744
35.500000 -0.998758
35.600000 -0.998768
35.700000 -0.998774
35.800000 -0.998777
35.900000 -0.998778
36.000000 -0.998778
36.100000 -0.998779
36.200000 -0.998780
36.300000 -0.998783
36.400000 -0.998788
36.500000 -0.998797
36.600000 -0.998809
36.700000 -0.998825
36.800000 -0.998845
36.900000 -0.998869
37.000000 -0.998896
37.100000 -0.998926
37.200000 -0.998958
37.300000 -0.998993
37.400000 -0.999029
37.500000 -0.999065
37.600000 -0.999101
37.700000 -0.999136
37.800000 -0.999170
37.900000 -0.999201
38.000000 -0.999230
38.100000 -0.999256
38.200000 -0.999279
38.300000 -0.999298
38.400000 -0.999314
38.500000 -0.999326
38.600000 -0.999336
38.700000 -0.999342
38.800000 -0.999347
38.900000 -0.999349
39.000000 -0.999350
39.100000 -0.999350
39.200000 -0.999350
39.300000 -0.999351
39.400000 -0.999352
39.500000 -0.999354
39.600000 -0.999357
39.700000 -0.999363
39.800000 -0.999370
39.900000 -0.999380
40.000000 -0.999391
40.100000 -0.999404
40.200000 -0.999419
40.300000 -0.999436
40.400000 -0.999454
40.500000 -0.999472
40.600000 -0.999492
40.700000 -0.999511
40.800000 -0.999530
40.900000 -0.999548
41.000000 -0.999566
41.100000 -0.999582
41.200000 -0.999597
41.300000 -0.999610
41.400000 -0.999621
41.500000 -0.999630
41.600000 -0.999638
41.700000 -0.999644
41.800000 -0.999648
41.900000 -0.999651
42.000000 -0.999653
42.100000 -0.999654
42.200000 -0.999654
42.300000 -0.999655
42.400000 -0.999655
42.500000 -0.999655
42.600000 -0.999656
42.700000 -0.999657
42.800000 -0.999659
42.900000 -0.999663
43.000000 -0.999667
43.100000 -0.999672
43.200000 -0.999679
43.300000 -0.999686
43.400000 -0.999695
43.500000 -0.999704
43.600000 -0.999714
43.700000 -0.999724
43.800000 -0.999734
43.900000 -0.999744
44.000000 -0.999754
44.100000 -0.999764
44.200000 -0.999773
44.300000 -0.999781
44.400000 -0.999789
44.500000 -0.999795
44.600000 -0.999801
44.700000 -0.999805
44.800000 -0.999809
44.900000 -0.999812
45.000000 -0.999814
45.100000 -0.999815
45.200000 -0.999816
45.300000 -0.999816
45.400000 -0.999816
45.500000 -0.999816
45.600000 -0.999816
45.700000 -0.999817
45.800000 -0.999817
45.900000 -0.999818
46.000000 -0.999820
46.100000 -0.999822
46.200000 -0.999824
46.300000 -0.999827
46.400000 -0.999831
46.500000 -0.999835
46.600000 -0.999840
46.700000 -0.999845
46.800000 -0.999850
46.900000 -0.999855
47.000000 -0.999861
47.100000 -0.999866
47.200000 -0.999872
47.300000 -0.999876
47.400000 -0.999881
47.500000 -0.999885
47.600000 -0.999889
47.700000 -0.999892
47.800000 -0.999895
47.900000 -0.999897
48.000000 -0.999899
48.100000 -0.999900
48.200000 -0.999901
48.300000 -0.999902
48.400000 -0.999902
48.500000 -0.999902
48.600000 -0.999902
48.700000 -0.999902
48.800000 -0.999902
48.900000 -0.999903
49.000000 -0.999903
49.100000 -0.999904
49.200000 -0.999904
49.300000 -0.999906
49.400000 -0.999907
49.500000 -0.999909
49.600000 -0.999911
49.700000 -0.999913
49.800000 -0.999916
49.900000 -0.999919
50.000000 -0.999921
