0.000000 2.000000
0.100000 1.499593
0.200000 1.464228
0.300000 1.434061
0.400000 1.408209
0.500000 1.385897
0.600000 1.366458
0.700000 1.349324
0.800000 1.334012
0.900000 1.320109
1.000000 1.307266
1.100000 1.295175
1.200000 1.283566
1.300000 1.272195
1.400000 1.260830
1.500000 1.249250
1.600000 1.237232
1.700000 1.224548
1.800000 1.210956
1.900000 1.196199
2.000000 1.179999
2.100000 1.162057
2.200000 1.142050
2.300000 1.119639
2.400000 1.094473
2.500000 1.066201
2.600000 1.034489
2.700000 0.999045
2.800000 0.959648
2.900000 0.916180
3.000000 0.868662
3.100000 0.817292
3.200000 0.762466
3.300000 0.704790
3.400000 0.645074
3.500000 0.584302
3.600000 0.523575
3.700000 0.464039
3.800000 0.406811
3.900000 0.352897
4.000000 0.303129
4.100000 0.258127
4.200000 0.218273
4.300000 0.183721
4.400000 0.154419
4.500000 0.130143
4.600000 0.110537
4.700000 0.095153
4.800000 0.083486
4.900000 0.075006
5.000000 0.069174
5.100000 0.065465
5.200000 0.063373
5.300000 0.062416
5.400000 0.062141
5.500000 0.062121
5.600000 0.061955
5.700000 0.061264
5.800000 0.059691
5.900000 0.056900
6.000000 0.052577
6.100000 0.046433
6.200000 0.038208
6.300000 0.027680
6.400000 0.014671
6.500000 -0.000937
6.600000 -0.019193
6.700000 -0.040066
6.800000 -0.063432
6.900000 -0.089069
7.000000 -0.116655
7.100000 -0.145775
7.200000 -0.175935
7.300000 -0.206579
7.400000 -0.237120
7.500000 -0.266971
7.600000 -0.295574
7.700000 -0.322431
7.800000 -0.347129
7.900000 -0.369355
8.000000 -0.388906
8.100000 -0.405689
8.200000 -0.419716
8.300000 -0.431088
8.400000 -0.439987
8.500000 -0.446654
8.600000 -0.451379
8.700000 -0.454482
8.800000 -0.456300
8.900000 -0.457179
9.000000 -0.457465
9.100000 -0.457492
9.200000 -0.457582
9.300000 -0.458036
9.400000 -0.459130
9.500000 -0.461112
9.600000 -0.464196
9.700000 -0.468558
9.800000 -0.474328
9.900000 -0.481593
10.000000 -0.490385
10.100000 -0.500682
10.200000 -0.512405
10.300000 -0.525419
10.400000 -0.539539
10.500000 -0.554528
10.600000 -0.570117
10.700000 -0.586007
10.800000 -0.601887
10.900000 -0.617448
11.000000 -0.632397
11.100000 -0.646471
11.200000 -0.659446
11.300000 -0.671149
11.400000 -0.681459
11.500000 -0.690312
11.600000 -0.697700
11.700000 -0.703663
11.800000 -0.708289
11.900000 -0.711705
12.000000 -0.714068
12.100000 -0.715559
12.200000 -0.716372
12.300000 -0.716714
12.400000 -0.716789
12.500000 -0.716800
12.600000 -0.716939
12.700000 -0.717381
12.800000 -0.718285
12.900000 -0.719785
13.000000 -0.721989
13.100000 -0.724975
13.200000 -0.728789
13.300000 -0.733445
13.400000 -0.738922
13.500000 -0.745167
13.600000 -0.752098
13.700000 -0.759603
13.800000 -0.767548
13.900000 -0.775783
14.000000 -0.784145
14.100000 -0.792469
14.200000 -0.800593
14.300000 -0.808366
14.400000 -0.815653
14.500000 -0.822341
14.600000 -0.828342
14.700000 -0.833598
14.800000 -0.838078
14.900000 -0.841781
15.000000 -0.844733
15.100000 -0.846985
15.200000 -0.848609
15.300000 -0.849692
15.400000 -0.850338
15.500000 -0.850657
15.600000 -0.850764
15.700000 -0.850776
15.800000 -0.850803
15.900000 -0.850952
16.000000 -0.851317
16.100000 -0.851979
16.200000 -0.853005
16.300000 -0.854445
16.400000 -0.856328
16.500000 -0.858666
16.600000 -0.861452
16.700000 -0.864660
16.800000 -0.868247
16.900000 -0.872155
17.000000 -0.876313
17.100000 -0.880642
17.200000 -0.885055
17.300000 -0.889466
17.400000 -0.893787
17.500000 -0.897937
17.600000 -0.901843
17.700000 -0.905442
17.800000 -0.908686
17.900000 -0.911539
18.000000 -0.913983
18.100000 -0.916013
18.200000 -0.917639
18.300000 -0.918886
18.400000 -0.919791
18.500000 -0.920399
18.600000 -0.920765
18.700000 -0.920948
18.800000 -0.921012
18.900000 -0.921020
19.000000 -0.921033
19.100000 -0.921109
19.200000 -0.921301
19.300000 -0.921653
19.400000 -0.922202
19.500000 -0.922974
19.600000 -0.923985
19.700000 -0.925239
19.800000 -0.926734
19.900000 -0.928452
20.000000 -0.930370
20.100000 -0.932456
20.200000 -0.934671
20.300000 -0.936972
20.400000 -0.939314
20.500000 -0.941649
20.600000 -0.943932
20.700000 -0.946120
20.800000 -0.948175
20.900000 -0.950064
21.000000 -0.951763
21.100000 -0.953252
21.200000 -0.954523
21.300000 -0.955574
21.400000 -0.956412
21.500000 -0.957050
21.600000 -0.957507
21.700000 -0.957810
21.800000 -0.957988
21.900000 -0.958074
22.000000 -0.958101
22.100000 -0.958103
22.200000 -0.958114
22.300000 -0.958164
22.400000 -0.958281
22.500000 -0.958489
22.600000 -0.958805
22.700000 -0.959242
22.800000 -0.959809
22.900000 -0.960506
23.000000 -0.961329
23.100000 -0.962268
23.200000 -0.963311
23.300000 -0.964438
23.400000 -0.965628
23.500000 -0.966857
23.600000 -0.968102
23.700000 -0.969337
23.800000 -0.970538
23.900000 -0.971683
24.000000 -0.972753
24.100000 -0.973731
24.200000 -0.974605
24.300000 -0.975366
24.400000 -0.976010
24.500000 -0.976538
24.600000 -0.976954
24.700000 -0.977265
24.800000 -0.977485
24.900000 -0.977626
25.000000 -0.977705
25.100000 -0.977739
25.200000 -0.977748
25.300000 -0.977749
25.400000 -0.977759
25.500000 -0.977795
25.600000 -0.977871
25.700000 -0.977998
25.800000 -0.978186
25.900000 -0.978440
26.000000 -0.978764
26.100000 -0.979156
26.200000 -0.979615
26.300000 -0.980133
26.400000 -0.980703
26.500000 -0.981315
26.600000 -0.981955
26.700000 -0.982613
26.800000 -0.983274
26.900000 -0.983925
27.000000 -0.984555
27.100000 -0.985151
27.200000 -0.985704
27.300000 -0.986205
27.400000 -0.986650
27.500000 -0.987033
27.600000 -0.987354
27.700000 -0.987614
27.800000 -0.987816
27.900000 -0.987964
28.000000 -0.988065
28.100000 -0.988128
28.200000 -0.988160
28.300000 -0.988173
28.400000 -0.988175
28.500000 -0.988176
28.600000 -0.988185
28.700000 -0.988211
28.800000 -0.988261
28.900000 -0.988340
29.000000 -0.988453
29.100000 -0.988601
29.200000 -0.988787
29.300000 -0.989009
29.400000 -0.989265
29.500000 -0.989552
29.600000 -0.989864
29.700000 -0.990195
29.800000 -0.990540
29.900000 -0.990891
30.000000 -0.991241
30.100000 -0.991584
30.200000 -0.991912
30.300000 -0.992221
30.400000 -0.992505
30.500000 -0.992761
30.600000 -0.992985
30.700000 -0.993176
30.800000 -0.993334
30.900000 -0.993460
31.000000 -0.993556
31.100000 -0.993625
31.200000 -0.993670
31.300000 -0.993697
31.400000 -0.993709
31.500000 -0.993713
31.600000 -0.993714
31.700000 -0.993715
31.800000 -0.993723
31.900000 -0.993742
32.000000 -0.993774
32.100000 -0.993823
32.200000 -0.993890
32.300000 -0.993977
32.400000 -0.994084
32.500000 -0.994209
32.600000 -0.994352
32.700000 -0.994510
32.800000 -0.994680
32.900000 -0.994860
33.000000 -0.995045
33.100000 -0.995232
33.200000 -0.995417
33.300000 -0.995597
33.400000 -0.995767
33.500000 -0.995926
33.600000 -0.996072
33.700000 -0.996201
33.800000 -0.996313
33.900000 -0.996408
34.000000 -0.996485
34.100000 -0.996545
34.200000 -0.996590
34.300000 -0.996622
34.400000 -0.996641
34.500000 -0.996652
34.600000 -0.996657
34.700000 -0.996658
34.800000 -0.996658
34.900000 -0.996660
35.000000 -0.996666
35.100000 -0.996679
35.200000 -0.996699
35.300000 -0.996729
35.400000 -0.996769
35.500000 -0.996820
35.600000 -0.996880
35.700000 -0.996951
35.800000 -0.997030
35.900000 -0.997117
36.000000 -0.997210
36.100000 -0.997307
36.200000 -0.997406
36.300000 -0.997505
36.400000 -0.997603
36.500000 -0.997697
36.600000 -0.997785
36.700000 -0.997867
36.800000 -0.997941
36.900000 -0.998006
37.000000 -0.998061
37.100000 -0.998108
37.200000 -0.998145
37.300000 -0.998174
37.400000 -0.998195
37.500000 -0.998209
37.600000 -0.998217
37.700000 -0.998221
37.800000 -0.998222
37.900000 -0.998223
38.000000 -0.998223
38.100000 -0.998225
38.200000 -0.998229
38.300000 -0.998238
38.400000 -0.998251
38.500000 -0.998269
38.600000 -0.998292
38.700000 -0.998322
38.800000 -0.998356
38.900000 -0.998396
39.000000 -0.998440
39.100000 -0.998488
39.200000 -0.998538
39.300000 -0.998590
39.400000 -0.998643
39.500000 -0.998695
39.600000 -0.998746
39.700000 -0.998795
39.800000 -0.998841
39.900000 -0.998883
40.000000 -0.998920
40.100000 -0.998952
40.200000 -0.998980
40.300000 -0.999003
40.400000 -0.999021
40.500000 -0.999034
40.600000 -0.999043
40.700000 -0.999050
40.800000 -0.999053
40.900000 -0.999054
41.000000 -0.999055
41.100000 -0.999055
41.200000 -0.999055
41.300000 -0.999057
41.400000 -0.999060
41.500000 -0.999065
41.600000 -0.999074
41.700000 -0.999084
41.800000 -0.999098
41.900000 -0.999115
42.000000 -0.999134
42.100000 -0.999157
42.200000 -0.999181
42.300000 -0.999207
42.400000 -0.999234
42.500000 -0.999262
42.600000 -0.999290
42.700000 -0.999318
42.800000 -0.999345
42.900000 -0.999370
43.000000 -0.999393
43.100000 -0.999414
43.200000 -0.999433
43.300000 -0.999449
43.400000 -0.999463
43.500000 -0.999474
43.600000 -0.999482
43.700000 -0.999489
43.800000 -0.999493
43.900000 -0.999495
44.000000 -0.999497
44.100000 -0.999497
44.200000 -0.999497
44.300000 -0.999497
44.400000 -0.999498
44.500000 -0.999499
44.600000 -0.999501
44.700000 -0.999505
44.800000 -0.999510
44.900000 -0.999516
45.000000 -0.999524
45.100000 -0.999534
45.200000 -0.999545
45.300000 -0.999557
45.400000 -0.999570
45.500000 -0.999584
45.600000 -0.999599
45.700000 -0.999614
45.800000 -0.999629
45.900000 -0.999643
46.000000 -0.999657
46.100000 -0.999670
46.200000 -0.999682
46.300000 -0.999693
46.400000 -0.999702
46.500000 -0.999710
46.600000 -0.999717
46.700000 -0.999722
46.800000 -0.999726
46.900000 -0.999729
47.000000 -0.999731
47.100000 -0.999732
47.200000 -0.999733
47.300000 -0.999733
47.400000 -0.999733
47.500000 -0.999733
47.600000 -0.999733
47.700000 -0.999734
47.800000 -0.999735
47.900000 -0.999738
48.000000 -0.999741
48.100000 -0.999744
48.200000 -0.999749
48.300000 -0.999754
48.400000 -0.999760
48.500000 -0.999767
48.600000 -0.999775
48.700000 -0.999782
48.800000 -0.999790
48.900000 -0.999798
49.000000 -0.999806
49.100000 -0.999814
49.200000 -0.999821
49.300000 -0.999827
49.400000 -0.999834
49.500000 -0.999839
49.600000 -0.999844
49.700000 -0.999848
49.800000 -0.999851
49.900000 -0.999853
50.000000 -0.999855
